0 resize 375 140
1 SM BLUE
20 B 132 365 0 20 8 1 74
20 B 132 250 0 95 8 1 74
20 B 507 365 0 20 8 3 74
20 B 507 250 0 95 8 3 74
50 B 132 365 0 20 8 1 74
50 B 132 250 0 95 8 1 74
50 B 507 365 0 20 8 3 74
50 B 507 250 0 95 8 3 74
80 B 132 365 0 20 8 1 74
80 B 132 250 0 95 8 1 74
80 B 507 365 0 20 8 3 74
80 B 507 250 0 95 8 3 74
110 B 132 365 0 20 8 1 74
110 B 132 250 0 95 8 1 74
110 B 507 365 0 20 8 3 74
110 B 507 250 0 95 8 3 74
130 B 132 365 0 20 8 1 74
130 B 132 250 0 95 8 1 74
130 B 507 365 0 20 8 3 74
130 B 507 250 0 95 8 3 74
160 B 132 365 0 20 8 1 74
160 B 132 250 0 95 8 1 74
160 B 507 365 0 20 8 3 74
160 B 507 250 0 95 8 3 74
190 B 132 365 0 20 8 1 74
190 B 132 250 0 95 8 1 74
190 B 507 365 0 20 8 3 74
190 B 507 250 0 95 8 3 74
220 B 132 365 0 20 8 1 74
220 B 132 250 0 95 8 1 74
220 B 507 365 0 20 8 3 74
220 B 507 250 0 95 8 3 74
320 END