0 resize 165 165
1 SM BLUE
1 S 1
15 BS down 45 20 30
35 SM RED
30 BB 237 215 1 165 7 2 40
30 BB 237 225 1 165 7 2 40
30 BB 237 235 1 165 7 2 40
50 B 402 270 0 75 5 3 50
100 GB 210 125 0 30 30
100 GB 130 210 90 30 30
100 GB 344 380 180 30 30
100 GB 390 320 270 30 30
150 GB 130 125 45 30 30
150 GB 390 110 315 30 30
150 GB 390 380 225 30 30
150 GB 115 380 135 30 30
200 GB 210 125 0 30 30
200 GB 130 210 90 30 30
200 GB 344 380 180 30 30
200 GB 390 320 270 30 30
250 GBB 75 245 90 60 30
250 GBB 400 245 270 60 30
360 END