0 resize 375 140
0 SM BLUE
20 P 0 300 50 3 500
60 P 0 300 50 3 500
100 P 0 300 50 3 500
140 P 0 300 50 3 500
180 P 0 300 50 3 500
220 P 0 300 50 3 500
260 P 0 300 50 3 500
300 P 0 300 50 3 500
340 P 0 300 50 3 500
380 P 0 300 50 3 500
20 P 640 345 50 -3 500
60 P 640 345 50 -3 500
100 P 640 345 50 -3 500
140 P 640 345 50 -3 500
180 P 640 345 50 -3 500
220 P 640 345 50 -3 500
260 P 640 345 50 -3 500
300 P 640 345 50 -3 500
340 P 640 345 50 -3 500
380 P 640 345 50 -3 500
50 GBS 20 347 90 30 30
90 GBS 20 257 90 30 30
140 GBS 20 302 90 30 30
180 GBS 20 347 90 30 30
220 GBS 20 347 90 30 30
260 GBS 20 302 90 30 30
300 GBS 20 257 90 30 30
340 GBS 20 302 90 30 30
380 GBS 20 347 90 30 30
450 END