0 resize 435 160
0 SM BLUE
10 TP 107 315
10 BS down 20 0 600
10 P 100 335 30 2 180
165 P 535 335 30 -2 300
30 B 280 390 0 50 2 4 500
30 B 340 385 0 50 2 4 500
30 B 400 420 0 50 2 4 500
70 B 280 390 0 50 2 4 500
70 B 340 385 0 50 2 4 500
70 B 400 420 0 50 2 4 500
110 B 280 390 0 50 2 4 500
110 B 340 385 0 50 2 4 500
110 B 400 420 0 50 2 4 500
150 B 280 390 0 50 2 4 500
150 B 340 385 0 50 2 4 500
150 B 400 420 0 50 2 4 500
190 B 280 390 0 50 2 4 500
190 B 340 385 0 50 2 4 500
190 B 400 420 0 50 2 4 500
230 B 280 390 0 50 2 4 500
230 B 340 385 0 50 2 4 500
230 B 400 420 0 50 2 4 500
270 B 280 390 0 50 2 4 500
270 B 340 385 0 50 2 4 500
270 B 400 420 0 50 2 4 500
310 B 280 390 0 50 2 4 500
310 B 340 385 0 50 2 4 500
310 B 400 420 0 50 2 4 500
350 B 280 390 0 50 2 4 500
350 B 340 385 0 50 2 4 500
350 B 400 420 0 50 2 4 500
360 END