0 resize 375 140
0 SM BLUE
20 P 0 300 50 3 500
60 P 0 300 50 3 500
100 P 0 300 50 3 500
140 P 0 300 50 3 500
180 P 0 300 50 3 500
220 P 0 300 50 3 500
260 P 0 300 50 3 500
300 P 0 300 50 3 500
340 P 0 300 50 3 500
380 P 0 300 50 3 500
20 P 640 345 50 -3 500
60 P 640 345 50 -3 500
100 P 640 345 50 -3 500
140 P 640 345 50 -3 500
180 P 640 345 50 -3 500
220 P 640 345 50 -3 500
260 P 640 345 50 -3 500
300 P 640 345 50 -3 500
340 P 640 345 50 -3 500
380 P 640 345 50 -3 500
50 GBS 20 347 90 20 20
80 GBS 20 257 90 20 20
110 GBS 20 257 90 20 20
140 GBS 20 302 90 20 20
170 GBS 20 347 90 20 20
200 GBS 20 302 90 20 20
230 GBS 20 347 90 20 20
260 GBS 20 347 90 20 20
290 GBS 20 302 90 20 20
320 GBS 20 302 90 20 20
350 GBS 20 347 90 20 20
380 GBS 20 302 90 20 20
410 GBS 20 347 90 20 20
450 END